california={
	location=871
	outgoing={
		name="mexico"
		path={
			1556 1555 1554 1552 1551 
		}
		control={
			731.000000 1556.000000 877.000000 1384.000000 996.000000 1286.000000 
		}
	}
	outgoing={
		name="mississippi_river"
		path={
			872 873 2019 2020 2006 2008 903 902 900 895 2014 893 1507 
		}
		control={
			680.000000 1677.000000 692.000000 1769.000000 742.000000 1764.000000 800.000000 1772.000000 825.000000 1715.000000 939.000000 1717.000000 1111.000000 1700.000000 1149.000000 1643.000000 1230.000000 1615.000000 1208.000000 1555.000000 1208.000000 1526.000000 1202.000000 1498.000000 
		}
	}
	outgoing={
		name="girin"
		path={
			1557 1684 1686 1685 1683 1668 1669 1440 1387 1980 1850 2106 2108 730 
		}
		control={
			348.000000 1612.000000 5094.000000 1715.000000 4950.000000 1730.000000 4924.000000 1746.000000 4846.000000 1761.000000 4731.000000 1699.000000 4661.000000 1719.000000 
		}
	}
	members={
		862 865 866 867 868 869 870 871 872 873 874 972 973 974 975 976 977 978 979 1808 1810 1814 2078 2079 2080 2081 2082 2083 2088 2091 2131 2143 2145 2919 2920 2921 2922 2923 2924 2925 2926 2927 2928 2929 3042 3043 3044 3045 3046 3047 3048 3049 3050 3051 3052 3053 3054 3055 3149 3150 3151 4725 4783 4784 4785 4786 4787 4797 4798
	}
}
rio_grande={
	location=2917
	outgoing={
		name="mississippi_river"
		path={
			1508 1507 
		}
		control={
			1100.000000 1425.000000 1166.000000 1421.000000 
		}
	}
	outgoing={
		name="mexico"
		path={
			1508 1509 2647 2646 
		}
		control={
			1037.000000 1397.000000 1087.000000 1343.000000 1080.000000 1298.000000 1062.000000 1286.000000 
		}
	}
	members={
		858 861 863 864 875 876 877 878 879 880 881 882 883 884 885 886 887 888 889 890 891 892 896 2084 2914 2915 2916 2917 2918 2930 2931 2932 2933 2934 2935 2936 2937 2938 2939 2940 2941 2942 2945 4754 4775 4776 4777 4778 4779 4780 4781 4782 4792
	}
}
mississippi_river={
	location=1507
	outgoing={
		name="carribean_trade"
		path={
			1506 1505 1525 1516 
		}
		control={
			1300.000000 1433.000000 1343.000000 1388.000000 1414.000000 1369.000000 1479.000000 1333.000000 
		}
	}
	outgoing={
		name="ohio"
		path={
			921 2528 939 
		}
		control={
			1208.000000 1502.000000 1217.000000 1524.000000 1218.000000 1555.000000 
		}
	}
	members={
		1507 893 894 895 897 898 899 900 901 902 903 904 905 906 907 908 909 916 917 918 919 920 921 922 939 1809 2085 2132 2133 2134 2139 2144 2943 2944 2946 2947 2948 2951 2953 2954 2955 2956 2957 2958 2959 2962 3056 3057 3058 3059 3060 3061 
	}
}
ohio={
	location=940
	color={
		129 214 238 
	}
	outgoing={
		name="chesapeake_bay"
		path={
			948 2011 
		}
		control={
			1309.000000 1645.000000 1343.000000 1638.000000 1371.000000 1655.000000 1416.000000 1654.000000 1443.000000 1628.000000 1449.000000 1605.000000 
		}
	}
	outgoing={
		name="st_lawrence"
		path={
			946 991 
		}
		control={
			1279.000000 1663.000000 1327.000000 1683.000000 1347.000000 1693.000000 1391.000000 1706.000000 1398.000000 1719.000000 1429.000000 1725.000000 1451.000000 1739.000000 1486.000000 1754.000000 1505.000000 1771.000000 1530.000000 1785.000000 1567.000000 1820.000000 
		}
	}
	members={
		910 911 912 913 914 915 934 935 940 941 942 943 944 945 946 947 948 951 954 958 987 988 1001 1007 2140 2949 2950 2952 2960 2961 2978 2982 2983 2984 2985 2986 2987 2988 2989 3021 3022 3023 3025 
	}
}
mexico={
	location=1551
	outgoing={
		name="carribean_trade"
		path={
			847 848 1510 1511 1512 1518 1516 
		}
		control={
			1140.000000 1248.000000 1164.000000 1300.000000 1213.000000 1350.000000 1276.000000 1360.000000 1311.000000 1335.000000 1368.000000 1335.000000 1418.000000 1310.000000 
		}
	}
	outgoing={
		name="panama"
		path={
			1550 1549 1548 835 
		}
		control={
			1173.000000 1218.000000 1360.000000 1112.000000 
		}
	}
	outgoing={
		name="nippon"
		path={
			1552 1554 1694 1693 1692 1601 1670 1669 1440 1391 1390 1376 
		}
		control={
			824.000000 1248.000000 5888.950195 1284.790039 69.000000 1361.000000 4953.000000 1529.000000 4794.000000 1540.000000 4720.000000 1516.000000 4698.000000 1549.000000 4680.000000 1556.000000 
		}
	}
	members={
		1551 844 845 846 847 848 849 850 851 852 853 854 855 856 857 859 860 2635 2636 2637 2638 2639 2640 2641 2642 2643 2644 2645 2646 2647 2648 2649 2650 2651 2652 2653 2654 2655 2656 2657 2658 2659 2660 2661 2662 2663 2913 4718 4719 4720 4721 4722 4723 4724 4726 4727 4728 4729 4730 4731 4732 4733 4734 4736 4738 4739 4746 4788 4789 4790 4791 4793 4794 4795 4796
	}
}
lhasa={
	location=2454
	inland=yes
	outgoing={
		name="chengdu"
		path={
			695 696 697 701 709 707 
		}
		control={
			4096.000000 1509.000000 4140.000000 1504.000000 4178.000000 1509.000000 4226.000000 1499.000000 4241.000000 1481.000000 
		}
	}
	outgoing={
		name="lahore"
		path={
			2453 4633 2179 
		}
		control={
			4007.000000 1482.000000 3927.000000 1501.000000 3884.000000 1530.000000 3835.000000 1541.000000 3802.000000 1520.000000 
		}
	}
	outgoing={
		name="ganges_delta"
		path={
			562 564 
		}
		control={
			4042.000000 1467.000000 4021.000000 1437.000000 4034.000000 1413.000000 4038.000000 1387.000000 4050.000000 1375.000000 4062.000000 1349.000000 
		}
	}
	members={
		554 557 565 676 705 706 2239 2243 2452 2453 2454 2455 2459 2460 4334 4335 4599 4600 4601 4603 4609 4631 4632 4633 4634 4635 4636 4637 4639
	}
}
chengdu={
	location=679
	inland=yes
	outgoing={
		name="canton"
		path={
			695 696 697 701 709 707 
		}
		control={
			4310.000000 1477.000000 4337.000000 1499.000000 4369.000000 1499.000000 4383.000000 1469.000000 4400.000000 1435.000000 4414.000000 1399.000000 4403.000000 1374.000000 
		}
	}
	outgoing={
		name="xian"
		path={
			695 696 697 701 709 707 
		}
		control={
			4298.000000 1518.000000 4353.000000 1540.000000 
		}
	}
	outgoing={
		name="burma"
		path={
			675 583 
		}
		control={
			4263.000000 1461.000000 4249.000000 1439.000000 4245.000000 1422.000000 4197.000000 1402.000000 4146.000000 1390.000000 4138.000000 1354.000000 
		}
	}
	members={
		660 661 673 675 677 678 679 680 2259 2372 2456 2457 2458 2464 2465 2466 2467 2488 2489 4341 4342 4343 
	}
}
canton={
	location=1371
	outgoing={
		name="malacca"
		path={
			1394 1367 1362 1361 
		}
		control={
			4402.000000 1237.000000 4328.000000 1120.000000 4306.000000 1044.000000 
		}
	}
	outgoing={
		name="hangzhou"
		path={
			1372 1824 684 
		}
		control={
			4487.000000 1374.000000 4553.000000 1458.000000 4540.000000 1490.000000 
		}
	}
	members={
		1371 613 616 662 663 664 665 666 667 668 671 672 674 738 1016 1840 2014 2384 2385 2468 2469 2470 2471 2472 2473 2474 2475 2476 2485 2486 2487 2857 2858 4329 
	}
}
oceania={
	location=1431
	outgoing={
		name="australia"
		path={
			1429 1412 
		}
		control={
			5260.000000 630.000000 
		}
	}
	members={
		1423 1431 1106 1107 1108 1109 1235 1236 1238 1239 1240 1241 1242 1243 1244 1246 1986 1987 1988 1989 1990 1991 1992 1993 1994 1995 1997 2878 2879 2880 3157 3158 3270 4272 4301 4302 
	}
}
australia={
	location=1411
	outgoing={
		name="the_moluccas"
		path={
			1411 1407 1410 1409 1401 1357 
		}
		control={
			4955.000000 736.000000 4884.000000 844.000000 4777.000000 860.000000 4674.000000 912.000000 4572.000000 896.000000 
		}
	}
	members={
		1411 1084 1085 1086 1087 1088 1089 1090 1091 1092 1093 1094 1237 1790 1791 2096 2097 2098 2099 2100 2101 2102 2103 2104 2105 2106 2107 2108 2109 2110 2111 2112 2113 2114 2115 2116 2117 2871 2872 2873 2874 2876 2877 3164 3165 3166 3167 3271 3272 3273 3274
	}
}
girin={
	location=730
	color={
		41 82 45 
	}
	outgoing={
		name="nippon"
		path={
			1389 1373 684 
		}
		control={
			4633.000000 1699.000000 4622.000000 1666.000000 4664.000000 1620.000000 
		}
	}
	outgoing={
		name="beijing"
		path={
			1389 1373 684 
		}
		control={
			4593.000000 1720.000000 4546.000000 1693.000000 4505.000000 1662.000000 
		}
	}
	outgoing={
		name="siberia"
		path={
			2109 722 721 1057 1060 1062 1064 
		}
		control={
			4539.000000 1769.000000 4485.000000 1811.000000 4349.000000 1781.000000 4259.000000 1832.000000 4218.000000 1918.000000 4160.000000 1982.000000 4048.000000 1993.000000 
		}
	}
	members={
		724 725 727 728 729 730 731 1033 1034 1035 1036 1037 1038 1039 1040 1041 1042 1043 1044 1046 1047 1048 1049 1050 1051 1052 1053 1055 1056 1057 1058 1783 1850 2552 2553 2554 2555 2556 2557 2558 2559 2560 2561 2562 2563 2564 2905 2909 2910 2911 2912 3276 4330 4331 4332 4344 4345 4346 4347 4348 4803 4804 4805 4806 4807 4808 4809 4810 4811 4812 4813 4814 4823
	}
}
siberia={
	location=1064
	inland=yes
	outgoing={
		name="kazan"
		path={
			1062 1064 480 479 472 475 1082 
		}
		control={
			3945.000000 2002.000000 3841.000000 2052.000000 3737.000000 2059.000000 3692.000000 2001.000000 3584.000000 1968.000000 3500.000000 1968.000000 3429.000000 1952.000000 
		}
	}
	outgoing={
		name="samarkand"
		path={
			480 478 477 1969 457 454 
		}
		control={
			3965.000000 1947.000000 3878.000000 1909.000000 3785.000000 1783.000000 3766.000000 1736.000000 3722.000000 1703.000000 3694.000000 1660.000000 
		}
	}
	members={
		479 480 1045 1054 1059 1060 1061 1062 1063 1064 1067 1068 1069 1070 1071 1073 1074 1075 1076 1078 1080 1781 1782 1966 2119 2448 2449 2451 2843 2894 2895 2896 2897 2899 2900 2901 2902 2903 2904 2906 2907 2908 4835 4836 4837 4838 4839 4840 4841
	}
}
nippon={
	location=1376
	outgoing={
		name="hangzhou"
		path={
			1389 1373 684 
		}
		control={
			4647.000000 1543.000000 4571.000000 1505.000000 4532.000000 1495.000000 
		}
	}
	members={
		732 733 734 735 736 737 1013 1845 2511 2512 2512 2513 2514 2515 2516 1376 1012 1014 1017 1018 1019 1020 1021 1023 1024 1025 1026 1027 1028 1029 1030 1031 1032 1818 1819 1820 1825 1830 1832 1835 1837 1839 1843 1847 1852 2516 4277 4310 4311 4312 4313 4314 4315 4316 4317 4318 4319 4320 4321 4322 4323 4353 4354 4355 4356 4357 4358 4483 4484 4801
	}
}
hangzhou={
	location=684
	outgoing={
		name="xian"
		path={
			686 687 1836 689 698 706 707 
		}
		control={
			4500.000000 1514.000000 4468.000000 1555.000000 4408.000000 1567.000000 
		}
	}
	outgoing={
		name="beijing"
		path={
			684 1373 1374 1375 
		}
		control={
			4561.000000 1516.000000 4559.000000 1623.000000 4492.000000 1634.000000 
		}
	}
	outgoing={
		name="malacca"
		path={
			1373 1392 1393 1395 1368 1360 1361 
		}
		control={
			4563.000000 1486.000000 4552.000000 1404.000000 4532.000000 1330.000000 4384.000000 1137.000000 4329.000000 1054.000000 
		}
	}
	members={
		669 670 681 682 684 683 685 686 687 1015 1821 1822 1824 1829 1833 1836 1838 2477 2478 2479 2480 2481 2482 2483 2484 2490 2491 2493 2494 2495 2496 2497 2498 4326 4327 
	}
}
xian={
	location=700
	inland=yes
	outgoing={
		name="yumen"
		path={
			695 696 697 701 709 707 
		}
		control={
			4322.000000 1558.000000 4268.000000 1576.000000 4230.000000 1618.000000 4179.000000 1655.000000 
		}
	}
	outgoing={
		name="beijing"
		path={
			695 696 697 701 709 707 
		}
		control={
			4387.000000 1574.000000 4409.000000 1574.000000 4441.000000 1618.000000 4462.000000 1637.000000 
		}
	}
	members={
		688 689 693 694 697 698 699 700 701 702 709 2463 2492 2503 2504 2505 2506 2507 2508 2549 2550 4328 4340 4819 4820
	}
}
beijing={
	location=1816
	outgoing={
		name="yumen"
		path={
			695 696 697 701 709 707 
		}
		control={
			4417.000000 1653.000000 4348.000000 1608.000000 4263.000000 1605.000000 4179.000000 1658.000000 
		}
	}
	members={
		690 691 692 695 696 703 704 722 726 1816 2019 2020 2499 2500 2501 2502 2509 2510 2551 4324 4325 4333 4802 4821 4824
	}
}
philippines={
	location=1398
	outgoing={
		name="the_moluccas"
		path={
			1399 1357 
		}
		control={
			4536.000000 1091.000000 4506.000000 1022.000000 4487.000000 921.000000 
		}
	}
	outgoing={
		name="panama"
		path={
			1403 1434 1676 1734 1735 1736 1740 1741 1711 1708 1702 1547 1548 835 
		}
		control={
			4559.000000 1140.000000 4594.000000 1158.000000 4612.000000 1173.000000 4732.000000 1182.000000 5298.000000 1207.000000 432.000000 1112.000000 1183.000000 1073.000000 1362.000000 1081.000000 
		}
	}
	members={
		1398 651 652 653 654 655 656 657 658 1996 2859 2860 2861 2862 2863 2864 4474 4475 4476 4477 4478 4479 4480 4481 4482 
	}
}
the_moluccas={
	location=1357
	outgoing={
		name="malacca"
		path={
			1358 1360 
		}
		control={
			4515.000000 885.000000 4384.000000 936.000000 4339.000000 970.000000 
		}
	}
	members={
		1357 624 625 626 627 628 629 630 631 632 633 634 635 641 642 643 644 645 646 647 648 649 650 1245 1789 2095 2410 2411 2412 2413 2414 2415 2416 2427 2428 2429 2865 2866 2867 2868 2869 2870 2875 
	}
}
gulf_of_siam={
	location=1365
	color={
		84 152 93 
	}
	outgoing={
		name="malacca"
		path={
			1364 1362 1361 
		}
		control={
			4234.000000 1136.000000 4267.000000 1090.000000 
		}
	}
	members={
		1365 589 591 592 600 601 602 603 604 605 606 607 608 609 610 611 612 614 615 1022 1817 1823 1844 2374 2375 2376 2377 2378 2379 2380 2381 2382 2383 2386 2387 2388 2389 2390 2391 2392 2393 
	}
}
malacca={
	location=1361
	outgoing={
		name="ganges_delta"
		path={
			1348 1347 1345 1344 1343 
		}
		control={
			4258.000000 1018.000000 4154.000000 1114.000000 4117.000000 1218.000000 4056.000000 1307.000000 
		}
	}
	outgoing={
		name="zanzibar"
		path={
			1352 1624 1623 1621 1620 1617 1450 1448 
		}
		control={
			4312.000000 959.000000 4227.000000 901.000000 3780.000000 981.000000 3487.000000 941.000000 
		}
	}
	members={
		1361 574 593 594 595 596 597 598 599 617 618 619 620 621 622 623 636 637 638 639 640 659 1998 1999 2008 2009 2394 2395 2396 2397 2398 2399 2400 2401 2402 2403 2404 2405 2406 2407 2408 2409 2417 2418 2419 2420 2421 2422 2423 2424 2425 2426 3089 3090 3091 4485 
	}
}
yumen={
	location=707
	inland=yes
	outgoing={
		name="samarkand"
		path={
			713 1786 739 1785 452 1967 454 
		}
		control={
			4028.000000 1662.000000 3949.000000 1675.000000 3862.000000 1652.000000 3819.000000 1647.000000 3769.000000 1671.000000 3728.000000 1662.000000 3702.000000 1660.000000 3687.000000 1653.000000 
		}
	}
	members={
		707 708 710 711 712 713 714 715 716 717 718 719 720 721 723 1065 1786 2446 2461 2462 2882 2883 2884 2885 2886 2887 2888 2889 2890 2891 2892 2893 2898 4336 4337 4338 4349 4350 4351 4352 4815 4816 4817 4818 4822 4825 4826 4827 4828 4829 4830 4831 4832 4833 4842
	}
}
burma={
	location=584
	color={
		35 229 76 
	}
	inland=yes
	outgoing={
		name="ganges_delta"
		path={
			4519 1815 
		}
		control={
			4134.000000 1331.000000 4126.000000 1302.000000 4131.000000 1274.000000 4104.000000 1255.000000 4061.000000 1313.000000 
		}
	}
	members={
		566 570 571 573 580 581 582 583 584 585 587 588 1788 1950 2251 2252 2253 2255 2256 2257 2258 2259 2371 2372 4516 4517 4518 4519 4520 4521 4523 4524 4525 4559 
	}
}
ganges_delta={
	location=1343
	outgoing={
		name="comorin_cape"
		path={
			1342 1341 1340 
		}
		control={
			3954.000000 1266.000000 3888.000000 1167.000000 3873.000000 1133.000000 
		}
	}
	outgoing={
		name="doab"
		path={
			578 451 450 453 454 
		}
		control={
			4016.879883 1342.959961 4008.000000 1402.000000 3957.000000 1417.000000 3923.000000 1408.000000 3885.000000 1424.000000 
		}
	}
	members={
		1343 547 552 553 560 561 562 563 564 567 568 579 586 590 1815 2230 2231 2232 2233 2244 2245 2246 2247 2248 2249 2250 2254 2370 2373 3093 4522 4560 4564 4565 4566 4567 4569 4570 4571 4589 4590 4592 4593 4594 4595 4596 4597 4604
	}
}
doab={
	location=524
	inland=yes
	outgoing={
		name="deccan"
		path={
			525 740 
		}
		control={
			3856.000000 1399.000000 3841.000000 1359.000000 3825.000000 1339.000000 3825.000000 1310.000000 
		}
	}
	outgoing={
		name="lahore"
		path={
			522 2190 
		}
		control={
			3852.000000 1451.000000 3836.000000 1479.000000 3810.000000 1500.000000 
		}
	}
	members={
		509 510 511 519 520 522 523 524 525 528 551 556 555 558 559 2190 2191 2192 2193 2194 2204 2234 2235 2236 2237 2238 2240 2241 2242 4578 4583 4584 4585 4586 4587 4588 4591 4602 4605 4606 4607 4608 4610 4611 4612 4613 4614 4615 4616 4617 
	}
}
lahore={
	location=507
	color={
		63 150 30 
	}
	inland=yes
	outgoing={
		name="samarkand"
		path={
			578 451 450 453 454 
		}
		control={
			3786.000000 1533.000000 3766.000000 1554.000000 3729.000000 1561.000000 3702.000000 1572.000000 3696.000000 1602.000000 3666.000000 1619.000000 
		}
	}
	outgoing={
		name="persia"
		path={
			578 451 450 446 
		}
		control={
			3749.000000 1478.000000 3716.000000 1457.000000 3698.000000 1478.000000 3663.000000 1502.000000 3602.000000 1499.000000 3542.000000 1497.000000 3494.000000 1510.000000 3469.000000 1540.000000 3444.000000 1552.000000 3442.000000 1574.000000 3438.000000 1588.000000 
		}
	}
	outgoing={
		name="gujarat"
		path={
			506 504 
		}
		control={
			3802.000000 1474.000000 3819.000000 1447.000000 3819.000000 1424.000000 3789.000000 1399.000000 3775.000000 1373.000000 
		}
	}
	members={
		447 448 449 450 451 506 507 508 510 576 577 578 2122 2174 2175 2176 2177 2178 2179 2180 2181 2182 2183 2184 2185 2189 2190 4462 4530 4568 4582 4625 4626 4627 4628 4630 4638 
	}
}
deccan={
	location=1948
	color={
		241 13 61 
	}
	inland=yes
	outgoing={
		name="gujarat"
		path={
			4433 517 1337 
		}
		control={
			3815.000000 1310.000000 3803.000000 1343.000000 3783.000000 1346.000000 3779.000000 1361.000000 
		}
	}
	outgoing={
		name="comorin_cape"
		path={
			541 4422 4414 2026 
		}
		control={
			3834.000000 1259.000000 3843.000000 1227.000000 3827.000000 1187.000000 3841.000000 1143.000000 
		}
	}
	members={
		526 527 532 542 544 545 546 548 550 569 740 1946 1948 2202 2205 2206 2207 2209 2211 2224 2225 2226 2227 4547 4550 4551 4552 4553 4554 4555 4556 4557 4558 4561 4562 4563 4572 4577 4579 4580 
	}
}
comorin_cape={
	location=1340
	outgoing={
		name="gulf_of_aden"
		path={
			1615 1451 1331 
		}
		control={
			3752.000000 1156.000000 3536.000000 1215.000000 
		}
	}
	outgoing={
		name="gujarat"
		path={
			1339 1338 1337 504 
		}
		control={
			3798.000000 1199.000000 3766.000000 1278.000000 3771.000000 1338.000000 
		}
	}
	outgoing={
		name="zanzibar"
		path={
			1336 1452 1451 1453 1447 
		}
		control={
			3716.000000 1106.000000 3405.000000 955.000000 
		}
	}
	members={
		1340 531 533 534 535 536 537 538 539 540 541 543 549 572 1101 1248 1947 1949 2212 2213 2214 2215 2216 2217 2218 2219 2220 2221 2222 2223 2228 2229 4526 4527 4528 4529 4531 4532 4533 4534 4535 4536 4537 4538 4539 4540 4541 4542 4543 4544 4545 4546 
	}
}
gujarat={
	location=4576
	color={
		135 104 85 
	}
	outgoing={
		name="gulf_of_aden"
		path={
			1336 1333 1332 1331 
		}
		control={
			3746.000000 1328.000000 3538.000000 1259.000000 
		}
	}
	outgoing={
		name="hormuz"
		path={
			1336 1334 
		}
		control={
			3742.000000 1367.000000 3700.000000 1366.000000 3553.000000 1399.000000 
		}
	}
	outgoing={
		name="zanzibar"
		path={
			1336 1452 1451 1453 1447 
		}
		control={
			3756.000000 1324.000000 3621.000000 1226.000000 3376.000000 986.000000 
		}
	}
	members={
		503 504 505 512 513 514 515 516 517 518 521 529 530 2186 2188 2195 2196 2197 2198 2199 2200 2201 2203 2208 2210 4548 4549 4573 4574 4574 4575 4576 4581 4598 4618 4619 4620 4621 4622 4623 4624 4629 
	}
}
gulf_of_aden={
	location=1331
	outgoing={
		name="zanzibar"
		path={
			1446 1447 1448 
		}
		control={
			3433.000000 1127.000000 3373.000000 1041.000000 3305.000000 979.000000 
		}
	}
	outgoing={
		name="alexandria"
		path={
			1330 1329 1328 361 358 
		}
		control={
			3321.169922 1201.170044 3238.000000 1345.000000 3180.000000 1432.000000 3155.000000 1461.000000 3139.000000 1492.000000 3119.000000 1504.000000 
		}
	}
	outgoing={
		name="hormuz"
		path={
			389 1779 395 1335 
		}
		control={
			3556.000000 1299.000000 3579.000000 1369.000000 3535.000000 1395.000000 
		}
	}
	outgoing={
		name="ethiopia"
		path={
			1330 1329 1328 361 358 
		}
		control={
			3352.929932 1187.380005 3304.889893 1188.599976 3279.000000 1180.000000 3249.000000 1190.000000 
		}
	}
	members={
		386 387 388 389 390 391 401 402 1099 1205 1206 1208 1209 1212 1215 1230 2003 2147 2537 2538 2539 2540 2541 2542 2690 2691 2692 2693 2694 2695 2696 2697 2698 2699 2700 2701 2702 2703 2704 2706 4401 4402 4403 4404 4405 4406 1331 
	}
}
katsina={
	location=1149
	inland=yes
	outgoing={
		name="tunis"
		path={
			352 341 
		}
		control={
			2792.000000 1219.000000 2842.000000 1236.000000 2846.000000 1289.000000 2844.000000 1340.000000 2873.000000 1401.000000 2858.000000 1457.000000 2851.000000 1521.000000 2797.000000 1543.000000 2790.000000 1582.000000 
		}
	}
	outgoing={
		name="timbuktu"
		path={
			352 341 
		}
		control={
			2745.000000 1206.000000 2716.000000 1214.000000 2703.000000 1207.000000 2681.000000 1212.000000 2660.000000 1232.000000 2632.000000 1275.000000 
		}
	}
	outgoing={
		name="ethiopia"
		path={
			1127 346 344 345 
		}
		control={
			2790.000000 1202.000000 2835.000000 1209.000000 2859.000000 1196.000000 2907.000000 1222.000000 2997.000000 1218.000000 3031.000000 1194.000000 3123.000000 1216.000000 3161.000000 1217.000000 3177.000000 1184.000000 3202.000000 1180.000000 3220.000000 1184.000000 
		}
	}
	members={
		1144 1145 1146 1148 1149 1150 1152 1153 1154 1155 1156 1157 1158 1159 1160 1161 1162 1249 2041 2046 2048 2049 2053 2056 2065 2066 2157 2340 2341 2342 2343 2344 2345 2346 2350 2351 2353 2354 2355 2356 2357 2358 2594 3142 4236 
	}
}
timbuktu={
	location=1132
	inland=yes
	outgoing={
		name="safi"
		path={
			1127 346 344 345 
		}
		control={
			2603.000000 1328.000000 2616.000000 1440.000000 2589.000000 1490.000000 2555.000000 1513.000000 2526.000000 1503.000000 2517.000000 1513.000000 
		}
	}
	outgoing={
		name="ivory_coast"
		path={
			1141 1140 1143 1142 1794 
		}
		control={
			2581.000000 1250.000000 2571.000000 1219.000000 2593.000000 1202.000000 2595.000000 1167.000000 2620.000000 1142.000000 2638.000000 1123.000000 2638.000000 1103.000000 2650.000000 1089.000000 
		}
	}
	members={
		1115 1116 1117 1120 1121 1123 1124 1129 1130 1131 1132 1133 1134 1135 1136 1137 1140 1142 1143 2305 2306 2307 2308 2309 2310 2312 2314 2315 2316 2317 2318 2319 2320 2321 2322 2323 2324 2325 2326 2327 2328 2329 2330 2334 2335 2336 2337 2338 2347 2348 2349 2352 
	}
}
hormuz={
	location=1334
	outgoing={
		name="basra"
		path={
			1334 1335 
		}
		control={
			3493.000000 1421.000000 3440.000000 1444.000000 
		}
	}
	members={
		1334 397 398 399 400 403 404 430 431 432 434 435 575 2187 2289 2290 2291 2298 2299 2300 2301 2302 2303 2304 2543 3141 4407 4408 4409 4447 4448 4449 4450 4451 4452 4464 
	}
}
great_lakes={
	location=2036
	inland=yes
	outgoing={
		name="congo"
		path={
			2035 
		}
		control={
			3115.000000 1001.000000 3095.000000 968.000000 3065.000000 962.000000 3037.000000 948.000000 
		}
	}
	outgoing={
		name="ethiopia"
		path={
			2036 
		}
		control={
			3141.000000 1031.000000 3146.000000 1056.000000 3134.000000 1077.000000 3146.000000 1128.000000 3183.000000 1135.000000 3202.000000 1153.000000 3221.000000 1164.000000 
		}
	}
	outgoing={
		name="zanzibar"
		path={
			2150 
		}
		control={
			3175.000000 1012.000000 3196.000000 991.000000 3222.000000 983.000000 3246.000000 947.000000 3262.000000 931.000000 
		}
	}
	members={
		1197 1198 1798 2030 2033 2034 2035 2036 2150 2153 2165 2166 2167 2705 2709 4183 4198 4199 4202 4203 4204 4205 4205 4206 4207 4208 4209 4210 4211 4212 4213 4214 4215 
	}
}
congo={
	location=4174
	inland=yes
	outgoing={
		name="ivory_coast"
		path={
			1464 1465 1466 
		}
		control={
			2973.000000 949.000000 2935.000000 953.000000 2895.000000 956.000000 2861.000000 931.000000 2804.000000 918.000000 2698.000000 1021.000000 
		}
	}
	outgoing={
		name="zambezi"
		path={
			2032 
		}
		control={
			3012.000000 924.000000 3014.000000 886.000000 3031.000000 827.000000 3074.000000 805.000000 3074.000000 776.000000 3090.000000 761.000000 
		}
	}
	members={
		1169 1170 1171 1796 1797 2027 2037 2038 2039 2042 2043 2057 2058 2059 2129 2158 2159 2160 2161 2164 2171 2172 2173 2846 3143 3144 4166 4167 4168 4169 4170 4171 4172 4173 4174 4175 4176 4177 4178 4179 4180 4181 4182 4185 4218 4220 4230 4231 4232 4233 4234 4235
	}
}
zambezi={
	location=1190
	inland=yes
	outgoing={
		name="zanzibar"
		path={
			1192 
		}
		control={
			3151.000000 759.000000 3180.000000 737.000000 3232.000000 704.000000 3289.000000 768.000000 3275.000000 868.000000 
		}
	}
	members={
		1184 1185 1187 1188 1189 1190 1191 1799 1800 2026 2028 2029 2031 2032 2127 2162 2163 2850 2851 2852 2853 4184 4186 4187 4188 4189 4190 4191 4192 4193 4194 4196 4197 4198 4200 4201 4221 
	}
}
ethiopia={
	location=1224
	inland=yes
	outgoing={
		name="alexandria"
		path={
			1330 1329 1328 361 358 
		}
		control={
			3221.000000 1203.000000 3177.000000 1216.000000 3159.000000 1241.000000 3147.000000 1258.000000 3171.000000 1280.000000 3155.000000 1316.000000 3122.000000 1292.000000 3117.000000 1335.000000 3147.000000 1373.000000 3145.000000 1408.000000 3116.000000 1450.000000 3123.000000 1482.000000 
		}
	}
	members={
		1207 1210 1211 1213 1214 1216 1217 1218 1219 1220 1221 1222 1223 1224 1225 1226 1227 1229 2044 2045 2047 2051 2064 2593 2664 2665 2666 2667 2668 2669 2670 2671 2672 2673 2674 2675 2676 2677 2678 2679 2680 2681 2682 2683 2684 2685 2686 2687 2688 2689 4216 4217 4273 4297 
	}
}
zanzibar={
	location=1448
	outgoing={
		name="cape_of_good_hope"
		path={
			1449 1456 1457 1458 1459 1460 
		}
		control={
			3296.000000 832.000000 3302.000000 754.000000 3250.000000 625.000000 3075.770020 453.109985 
		}
	}
	members={
		1448 1449 1100 1102 1103 1183 1186 1192 1193 1194 1195 1196 1199 1200 1201 1202 1203 1204 1792 2060 2707 2708 2854 2855 2856 3145 3146 3147 3159 4195 4252 4253 4254 4255 4256 4257 4258 4259 4260 
	}
}
cape_of_good_hope={
	location=1460
	outgoing={
		name="ivory_coast"
		path={
			1461 1462 1463 1464 1465 1466 
		}
		control={
			2821.000000 599.000000 2753.000000 862.000000 2673.000000 992.000000 
		}
	}
	members={
		1460 1172 1173 1174 1175 1176 1177 1178 1179 1180 1181 1182 1801 2021 2022 2023 2024 2025 2126 2168 2169 2170 2572 2595 2596 2597 2847 2848 2849 4219 4222 4223 4224 4225 4226 4227 4228 4229 4261 
	}
}
basra={
	location=1335
	outgoing={
		name="aleppo"
		path={
			408 409 406 382 377 1317 1848 322 317 1320 
		}
		control={
			3374.000000 1499.000000 3340.000000 1513.000000 3330.000000 1538.000000 3296.000000 1562.000000 3279.000000 1565.000000 3256.000000 1587.000000 
		}
	}
	outgoing={
		name="persia"
		path={
			412 413 428 426 
		}
		control={
			3391.000000 1502.000000 3398.000000 1513.000000 3390.000000 1533.000000 3371.000000 1552.000000 3405.000000 1564.000000 3417.000000 1586.000000 
		}
	}
	members={
		1335 392 393 394 395 396 405 408 409 410 412 413 414 1779 2130 2273 2274 2275 2276 2277 2278 2279 2288 2532 2533 2534 2544 2545 4396 4397 4398 4410 4411 4412 4413 4461 
	}
}
samarkand={
	location=454
	inland=yes
	outgoing={
		name="persia"
		path={
			442 441 438 437 427 426 
		}
		control={
			3641.000000 1621.000000 3606.000000 1586.000000 3566.000000 1594.000000 3532.000000 1613.000000 3497.000000 1612.000000 3477.000000 1597.000000 
		}
	}
	outgoing={
		name="astrakhan"
		path={
			442 440 443 470 465 464 
		}
		control={
			3624.000000 1654.000000 3596.000000 1677.000000 3559.000000 1701.000000 3479.000000 1756.000000 3466.000000 1787.000000 3414.000000 1787.000000 
		}
	}
	members={
		440 441 442 444 445 446 452 453 454 455 456 457 458 459 460 461 476 477 478 739 1066 1785 1967 1968 1969 1970 1973 2293 2430 2431 2432 2433 2434 2435 2439 2440 2441 2442 2443 2444 2445 2447 2450 2881 4339 4463 4834
	}
}
persia={
	location=426
	color={
		204 119 31 
	}
	inland=yes
	outgoing={
		name="aleppo"
		path={
			417 420 419 418 332 329 325 316 1320 
		}
		control={
			3410.000000 1607.000000 3388.000000 1596.000000 3355.000000 1597.000000 3346.000000 1584.000000 3318.000000 1598.000000 3273.000000 1602.000000 3234.000000 1607.000000 
		}
	}
	members={
		415 416 417 419 420 421 424 426 427 428 429 433 436 437 438 439 443 446 2148 2152 2280 2281 2282 2283 2284 2285 2286 2287 2292 2294 2295 2296 2297 4298 4415 4416 4421 4422 4426 4427 4444 4445 4446 4453 4455 4457 4458 4459 4465 4454 4456 4460 
	}
}
aleppo={
	location=377
	outgoing={
		name="constantinople"
		path={
			408 409 406 382 377 1317 1848 322 317 1320 
		}
		control={
			3201.000000 1592.000000 3203.000000 1602.000000 3191.000000 1611.000000 3190.000000 1626.000000 3169.000000 1638.000000 3142.000000 1656.000000 3112.000000 1658.000000 3102.000000 1669.000000 
		}
	}
	members={
		323 324 327 331 332 377 378 381 382 406 407 411 418 1849 1855 2267 2268 2269 2270 2271 2272 2364 2366 2367 2368 2546 2547 2548 4394 4395 4414 4417 4418 4419 4420 4425 4429 4432 
	}
}
alexandria={
	location=358
	color={
		200 200 102 
	}
	outgoing={
		name="constantinople"
		path={
			362 363 1316 1932 318 317 1320 
		}
		control={
			3079.000000 1550.000000 3053.000000 1575.000000 3050.000000 1602.000000 3027.000000 1634.000000 3042.000000 1653.000000 3054.000000 1665.000000 3063.000000 1668.000000 3070.000000 1673.000000 
		}
	}
	outgoing={
		name="venice"
		path={
			1315 1318 145 1773 144 143 1310 1309 1308 
		}
		control={
			3050.000000 1544.000000 2990.459961 1571.119995 2940.000000 1631.000000 2921.000000 1679.000000 2867.000000 1711.000000 
		}
	}
	outgoing={
		name="genua"
		path={
			357 1314 1313 1306 1302 1303 1298 1297 
		}
		control={
			3041.000000 1525.000000 2870.000000 1593.000000 2821.000000 1616.000000 2794.000000 1677.000000 2768.000000 1682.000000 
		}
	}
	members={
		383 384 385 163 321 357 358 359 360 361 362 363 364 365 379 380 1228 1231 1232 1233 1234 1795 1854 2004 2054 2151 2519 2520 2521 2522 2523 2524 2525 2526 2527 2528 2529 2530 2531 2535 2536 4392 4393 4399 4400 4438 4439 4440 4441 4442 4443 4466 4717
	}
}
astrakhan={
	location=464
	inland=yes
	outgoing={
		name="kazan"
		path={
			466 303 1081 1082 
		}
		control={
			3358.000000 1812.000000 3336.000000 1822.000000 3343.000000 1843.000000 3355.000000 1872.000000 3390.000000 1894.000000 3392.000000 1927.000000 
		}
	}
	outgoing={
		name="crimea"
		path={
			468 287 1323 
		}
		control={
			3353.000000 1802.000000 3316.000000 1803.000000 3276.000000 1799.000000 3257.000000 1790.000000 3221.000000 1777.000000 3200.000000 1740.000000 3161.000000 1733.000000 
		}
	}
	members={
		288 299 302 303 304 425 464 465 466 467 468 469 470 471 472 474 1971 2262 2263 2264 2436 2437 2438 2612 2613 2616 2617 2618 2619 2620 4428 
	}
}
crimea={
	location=1322
	color={
		59 158 125 
	}
	outgoing={
		name="kiev"
		path={
			284 282 281 280 
		}
		control={
			3126.000000 1773.000000 3157.000000 1783.000000 3171.000000 1796.000000 3183.000000 1799.000000 3179.000000 1816.000000 3143.000000 1833.000000 
		}
	}
	outgoing={
		name="constantinople"
		path={
			1322 1321 1320 
		}
		control={
			3108.000000 1715.000000 
		}
	}
	members={
1323 1322 462 1856 2260 463 2124 2261 282 1974 2607 286 287 2611 2615 284 285 2608 2614 283 2610 2609 330 331 2268 422 2006 1756 268 
423 2265 4423 #kartli_kakheti_area
2266 2267 4425 #samtskhe_area
2154 4424 4669 4670 4686
	}
}
constantinople={
	location=1320
	color={
		126 203 120 
	}
	outgoing={
		name="ragusa"
		path={
			149 1765 1766 138 137 
		}
		control={
			3080.000000 1681.000000 3039.000000 1696.000000 3016.000000 1698.000000 2995.000000 1710.000000 2972.000000 1721.000000 2952.000000 1725.000000 2935.000000 1705.000000 
		}
	}
	members={
		1320 149 151 1764 325 328 2361 2362 4687 159 1765 2603 2604 160 161 3116 156 1951 4251 157 158 1952 4250 
329 1846 2363 4436 4437 #rum_area
316 317 2369 #hudavendigar_area
322 1848 4430 4433 #germiyan_area
318 319 2360 2365 4431 #aydin_area
326 4434 4435 #ankara_area
164 320 1319 2125 2156 #aegean_archipelago_area
4671 4672
2013 150 4688 # 1.30
	}
}
kiev={
	location=280
	inland=yes
	outgoing={
		name="novgorod"
		path={
			278 292 275 311 310 
		}
		control={
			3120.250000 1880.209961 3111.000000 1895.000000 3114.000000 1925.000000 3107.000000 1955.000000 3119.000000 1995.000000 3112.000000 2013.000000 
		}
	}
	outgoing={
		name="krakow"
		path={
			279 260 262 
		}
		control={
			3082.000000 1842.000000 3040.000000 1823.000000 3007.000000 1836.000000 2978.000000 1850.000000 
		}
	}
	members={
		272 275 279 281 2149 1937 1943 3115 277 278 1941 
291 298 299 #sloboda_ukraine_area
293 297 4368 4369 #smolensk_area
296 300 4247 #oka_area
280 1942 1944 4371 #west_dniepr_area
289 290 1945 2606 #east_dniepr_area
292 2605 4370 #White Ruthenia
276 4274 4366 #minsk_area
4677 4676 4675 4685 4684 4680 4679 4682 4683 269
	}
}
kazan={
	location=1082
	inland=yes
	outgoing={
		name="novgorod"
		path={
			306 307 308 312 310 
		}
		control={
			3368.000000 1967.000000 3314.000000 1965.000000 3278.000000 1937.000000 3257.000000 1938.000000 3210.000000 1964.000000 3167.000000 2005.000000 3132.000000 2018.000000 
		}
	}
	members={
		305 306 473 475 1077 1079 1081 1082 1083 1754 1778 1957 1962 1965 1972 2621 2838 2839 2840 2841 2842 4378 4388 4389 4390 4391 
	}
}
novgorod={
	location=33
	color={
		97 126 37 
	}
	outgoing={
		name="baltic_sea"
		path={
			34 36 1926 
		}
		control={
			3088.000000 2042.000000 2989.000000 2028.000000 
		}
	}
	outgoing={
		name="white_sea"
		path={
			1261 309 1652 
		}
		control={
			3143.000000 2037.000000 3173.000000 2052.000000 3208.000000 2056.000000 3223.000000 2092.000000 3224.000000 2124.000000 3203.000000 2141.000000 3216.000000 2159.000000 
		}
	}
	members={
		30 33 34 1961 
274 1960 4286 #pskov_area
310 311 1959 2844 4384 #novgorod_area
294 1752 4367 4372 4373  #tver_area
301 1778 4379 #ryazan_area
295 4375 4376 #moscow_area
307 4285 4377 #vladimir_area
308 1753 4275 4374 #yaroslavl_area
1754 1956 4378 #suzdal_area
312 4383 4385 #beloozero_area
	}
}
bolivia={
	location=797
	outgoing={
		name="peru"
		path={
			1535 1534 1533 1532 1531 
		}
		control={
			1583.000000 735.000000 1537.000000 777.000000 1491.000000 794.000000 1474.000000 818.000000 1454.000000 825.000000 1438.000000 839.000000 
		}
	}
	outgoing={
		name="laplata"
		path={
			778 789 788 792 1542 1543 1544 
		}
		control={
			1608.000000 677.000000 1642.000000 667.000000 1677.000000 629.000000 1725.000000 604.000000 1714.000000 570.000000 1684.000000 479.000000 1730.000000 447.000000 
		}
	}
	members={
		791 792 793 794 795 796 797 798 800 801 802 803 804 2731 2732 2733 2734 2735 2736 2737 2738 2739 2740 2741 2742 2743 2764 2765 2766 
	}
}
patagonia={
	location=1538
	outgoing={
		name="peru"
		path={
			1535 1534 1533 1532 1531 
		}
		control={
			1650.000000 77.000000 1570.670044 32.840000 1439.000000 153.000000 1492.000000 623.000000 
		}
	}
	outgoing={
		name="laplata"
		path={
			778 789 788 792 1542 1543 1544 
		}
		control={
			1658.000000 286.000000 1739.000000 373.000000 
		}
	}
	members={
		780 781 782 783 784 785 787 1095 1538 2077 2744 2745 2746 2747 2748 2749 2750 2751 2752 2753 2754 2755 3063 3156
	}
}
laplata={
	location=1536
	outgoing={
		name="brazil"
		path={
			1535 1534 1533 1532 1531 
		}
		control={
			1851.000000 479.000000 1925.000000 604.000000 2009.000000 645.000000 2065.000000 781.000000 
		}
	}
	members={
		770 771 772 773 776 777 778 779 786 788 789 790 799 1536 2756 2757 2758 2759 2760 2761 2762 2763 2767 2768 2769 2770 2771 2772 2773 2774 2775 2776 2777 2778 2779 2780 
	}
}
peru={
	location=1545
	outgoing={
		name="panama"
		path={
			1545 1546 1547 1548 835 
		}
		control={
			1353.000000 930.000000 1388.000000 1089.000000 
		}
	}
	members={
		805 806 807 808 809 810 811 812 813 814 815 816 817 818 819 820 821 2002 2067 2076 2718 2719 2720 2721 2722 2723 2724 2725 2726 2727 2728 2729 2730 1544 1545
	}
}
amazonas={
	location=2074
	outgoing={
		name="brazil"
		path={
			1584 1469 1470 
		}
		control={
			1743.000000 961.000000 1765.000000 972.000000 1785.000000 966.000000 1815.000000 979.000000 1874.000000 1016.000000 1986.000000 987.000000 2101.000000 916.000000 
		}
	}
	outgoing={
		name="carribean_trade"
		path={
			1584 1469 1470 
		}
		control={
			1689.000000 958.000000 1665.000000 985.000000 1671.000000 1022.000000 1682.000000 1057.000000 1641.000000 1075.000000 1622.000000 1129.000000 1585.000000 1133.000000 1595.000000 1176.000000 1562.000000 1213.000000 1462.000000 1269.000000 
		}
	}
	members={
		742 743 744 745 746 747 748 749 750 775 822 833 834 1802 1803 2068 2069 2070 2071 2072 2073 2074 2075 2715 2716 2717 2786 2787 2788 2789 2790 2802 2803 2804 2815 2816 2817 2818 2819 2820 2821 2822 2823 2824 2825 2826 2827 2828 2830 2832 2836 4753 4756 4761 4762 4765 
	}
}
brazil={
	location=1531
	outgoing={
		name="ivory_coast"
		path={
			1584 1469 1470 
		}
		control={
			2218.000000 887.000000 2534.000000 992.000000 
		}
	}
	members={
		751 752 753 754 755 756 757 758 759 760 761 762 763 764 765 766 767 768 769 774 2781 2782 2783 2784 2785 2791 2792 2793 2794 2795 2796 2797 2798 2799 2800 2801 2805 2806 2807 2808 2809 2810 2811 2812 2813 2814 1531 
	}
}
ivory_coast={
	location=1466
	outgoing={
		name="carribean_trade"
		path={
			1467 1468 1579 1577 1576 1522 1520 1519 1517 1516 
		}
		control={
			2423.000000 1004.000000 2012.000000 1029.000000 1732.000000 1178.000000 1650.000000 1193.000000 1480.000000 1271.000000 
		}
	}
	outgoing={
		name="bordeaux"
		path={
			1467 1468 1470 1471 1566 1563 
		}
		control={
			2467.000000 1072.000000 2335.000000 1227.000000 2354.000000 1537.000000 2466.000000 1714.000000 
		}
	}
	outgoing={
		name="english_channel"
		path={
			1467 1468 1470 1471 1566 1563 
		}
		control={
			2464.000000 1054.000000 2315.000000 1241.000000 2365.000000 1639.000000 2485.000000 1799.000000 2635.000000 1846.000000 
		}
	}
	outgoing={
		name="sevilla"
		path={
			1467 1468 1470 1471 1566 1563 
		}
		control={
			2482.659912 1079.880005 2390.000000 1159.000000 2350.000000 1238.000000 2368.000000 1376.000000 2445.000000 1475.000000 2475.000000 1537.000000 
		}
	}
	members={
		1096 1097 1098 1112 1113 1114 1118 1119 1122 1125 1126 1138 1139 1141 1147 1151 1163 1164 1165 1166 1167 1168 2015 2016 2040 2123 2128 2311 2313 2331 2332 2333 2339 2359 1466 2845 3163 3269 4269 4270 4271
	}
}
tunis={
	location=341
	color={
		146 134 57 
	}
	outgoing={
		name="sevilla"
		path={
			340 339 1301 1294 1293 
		}
		control={
			2773.000000 1622.000000 2672.000000 1610.000000 2608.000000 1590.000000 2558.000000 1589.000000 
		}
	}
	outgoing={
		name="genua"
		path={
			1302 1300 1297 
		}
		control={
			2794.000000 1624.000000 2758.000000 1639.000000 
		}
	}
	members={
		338 339 340 341 350 351 352 1882 126 353 354 355 356 1794 2052 2055 2517 2518 2577 2578 2579 2580 2581 2582 2583 2584 2585 2586 2587 2588 2589 2590 2591 2592 3140 4655 4709 4710
	}
}
ragusa={
	location=137
	outgoing={
		name="wien"
		path={
			139 140 1767 1864 135 134 
		}
		control={
			2925.000000 1723.000000 2916.000000 1735.000000 2923.000000 1751.000000 2928.000000 1766.000000 2932.000000 1797.000000 2914.000000 1798.000000 2903.000000 1804.000000 
		}
	}
	outgoing={
		name="venice"
		path={
			136 1308 
		}
		control={
			2882.000000 1708.000000 
		}
	}
	outgoing={
		name="genua"
		path={
			1310 1311 1307 1304 1303 1298 1297 
		}
		control={
			2924.000000 1686.000000 2935.000000 1653.000000 2898.000000 1616.000000 2880.000000 1620.000000 2875.000000 1643.000000 2799.000000 1694.000000 2777.000000 1720.000000 
		}
	}
	members={
137 138 139 140 141 142 4265 144 147 1766 1767 1827 1831 1853 2121 3117 148 4299 4266 143 4300 152 131 2007 1828 136 1826 4362
145 146 163 1773 #morea_area
2012 4267 
	}
}
safi={
	location=345
	outgoing={
		name="sevilla"
		path={
			342 1293 
		}
		control={
			2491.000000 1537.000000 2522.000000 1561.000000 
		}
	}
	members={
		335 336 337 342 343 344 345 346 347 348 349 366 368 1110 1111 1127 1128 1793 2011 2050 2061 2062 2063 2565 2566 2567 2568 2569 2570 2571 2573 2574 2575 2576 4268 4705 4707 4708 4711 4712 4713 4714 4715 4716
	}
}
krakow={
	location=262
	inland=yes
	outgoing={
		name="wien"
		path={
			154 1772 134 
		}
		control={
			2922.000000 1844.000000 2914.000000 1830.000000 2896.000000 1819.000000 
		}
	}
	outgoing={
		name="saxony"
		path={
			263 264 1763 
		}
		control={
			2921.000000 1853.000000 2895.000000 1868.000000 2869.000000 1866.000000 
		}
	}
	outgoing={
		name="baltic_sea"
		path={
			258 255 1859 43 1927 1926 
		}
		control={
			2966.000000 1877.000000 2944.000000 1888.000000 2918.000000 1900.000000 2926.000000 1913.000000 2934.000000 1933.000000 2954.000000 1969.000000 
		}
	}
	members={
258 259 260 261 262 263 264 1940 256 257 1938 1939 254 255 2602 3113 3112 3114 3097 4361 3094 1859 4663 4664 4666 4668 4665 4667 4673 4678 4681 3210
	}
}
wien={
	location=134
	color={
		220 220 220 
	}
	inland=yes
	outgoing={
		name="venice"
		path={
			132 128 1769 1308 
		}
		control={
			2864.000000 1792.000000 2856.000000 1770.000000 2839.000000 1764.000000 
		}
	}
	outgoing={
		name="rheinland"
		path={
			133 64 1757 67 66 79 1876 
		}
		control={
			2864.000000 1806.000000 2828.000000 1821.000000 2804.000000 1819.000000 2775.000000 1838.000000 
		}
	}
	outgoing={
		name="saxony"
		path={
			1770 267 266 1771 61 59 
		}
		control={
			2870.000000 1826.000000 2867.000000 1842.000000 2856.000000 1852.000000 2856.000000 1858.000000 
		}
	}
	members={
		3100 65 76 128 132 133 134 154 3111 1757 1770 1772 1863 3102 3101 64 162 155 1953 1954 4248 68 1868 70 1872 73 110 1768 3275 4359
135 153 1864 4249 4363 #Transdanubia
	}
}
saxony={
	location=59
	inland=yes
	outgoing={
		name="rheinland"
		path={
			62 63 79 81 1876 
		}
		control={
			2813.000000 1860.000000 2788.000000 1859.000000 
		}
	}
	outgoing={
		name="lubeck"
		path={
			58 52 51 46 45 
		}
		control={
			2817.000000 1882.000000 2825.000000 1896.000000 2808.000000 1906.000000 
		}
	}
	members={
		49 50 57 62 63 1758 51 60 61 267 1759 1763 1771 3119 58 59 52 3118 3108 3106 3096 265 266 3109 3110 3122 4360
4774 3212 3213 3214 3229 3230 3231 3232 3235 3236 3260 3265
	}
}
baltic_sea={
	location=1926
	color={
		8 82 165 
	}
	outgoing={
		name="lubeck"
		path={
			1255 1257 1925 45 
		}
		control={
			2932.000000 1971.000000 2879.000000 1934.000000 2843.000000 1935.000000 
		}
	}
	members={
		1926 1 2 3 4 5 1985 8 9 11 18 19 25 27 28 29 31 35 37 38 39 40 271 273 1930 1935 1936 41 42 43 1841 2837 3098 2155 2005 4262 4263 4283 4296 270 36 1834 1842 4365 4674 3099
	}
}
rheinland={
	location=1876
	color={
		114 171 184 
	}
	inland=yes
	outgoing={
		name="champagne"
		path={
			83 1760 80 188 187 186 
		}
		control={
			2750.000000 1843.000000 2726.000000 1825.000000 
		}
	}
	outgoing={
		name="lubeck"
		path={
			1762 57 53 1857 45 
		}
		control={
			2776.000000 1874.000000 2796.000000 1892.000000 
		}
	}
	members={
		56 72 74 75 77 78 79 80 81 82 83 84 85 86 1760 1761 1869 1870 1876 1878 1880 3105 3104 166 1873 3107 1762 66 67 
71 69
	}
}
panama={
	location=835
	outgoing={
		name="carribean_trade"
		path={
			1515 1517 1516 
		}
		control={
			1424.000000 1203.000000 1442.000000 1272.000000 
		}
	}
	members={
		823 824 825 826 827 828 829 832 835 836 837 838 839 840 841 842 843 2627 2628 2629 2630 2631 2632 2633 2634 2710 2711 2713 2714 4735 4737 4740 4741 4742 4743 4744 4745 4747 4748 4749 4750 4751 4752 4755
	}
}
carribean_trade={
	location=1516
	outgoing={
		name="chesapeake_bay"
		path={
			1524 1503 1502 1501 1500 
		}
		control={
			1494.000000 1332.000000 1529.000000 1353.000000 1467.000000 1497.000000 
		}
	}
	outgoing={
		name="bordeaux"
		path={
			488 490 1526 1575 1583 1580 1567 1563 
		}
		control={
			1507.000000 1329.000000 1673.000000 1348.000000 2189.000000 1612.000000 2468.000000 1738.000000 
		}
	}
	outgoing={
		name="sevilla"
		path={
			488 490 1526 1575 1583 1580 1567 1563 
		}
		control={
			1477.000000 1283.000000 1558.000000 1280.000000 1602.000000 1311.000000 1848.000000 1360.000000 2341.000000 1502.000000 2457.000000 1560.000000 
		}
	}
	members={
		1516 482 483 484 485 486 487 488 489 490 491 492 493 494 495 496 497 498 499 500 501 502 741 830 831 923 926 927 928 1881 2120 2622 2623 2624 2625 2626 2712 2829 2831 2833 2834 2835 2963 2964 2965 2966 4757 4758 4759 4760 4763 4764 4766 4767 4768 4769 4770 4771 4772 4773 4774 4799 4800
	}
}
chesapeake_bay={
	location=1500
	color={
		193 26 14 
	}
	outgoing={
		name="st_lawrence"
		path={
			965 963 969 2012 986 1490 
		}
		control={
			1578.000000 1693.000000 1713.000000 1766.000000 1648.000000 1817.000000 
		}
	}
	outgoing={
		name="english_channel"
		path={
			1570 1572 1582 1568 1564 1563 
		}
		control={
			1684.000000 1631.000000 2204.000000 1780.000000 2544.000000 1833.000000 2637.000000 1852.000000 
		}
	}
	members={
		1500 481 924 925 929 930 931 932 933 936 937 938 949 950 952 953 955 956 957 962 963 965 966 967 968 969 970 2135 2136 2138 2146 2967 2968 2969 2970 2971 2972 2973 2974 2975 2976 2977 2979 2980 2981 2990 2991 2992 2993 2994 2995 2996 2997 3000 3001 3002 
	}
}
james_bay={
	location=1486
	outgoing={
		name="st_lawrence"
		path={
			1000 1002 992 993 990 994 1490 
		}
		control={
			1390.000000 1877.000000 1421.000000 1842.000000 1398.000000 1790.000000 1439.000000 1756.000000 1475.000000 1758.000000 1499.000000 1775.000000 1531.000000 1788.000000 1567.000000 1822.000000 
		}
	}
	members={
		1486 997 998 999 1000 1002 1003 1004 1005 1006 1008 1009 1010 1011 1104 1105 1804 1805 1806 1807 1811 1812 1813 2086 2087 2089 2090 2092 2093 2094 2141 2142 3019 3020 3027 3028 3029 3030 3031 3032 3033 3034 3035 3036 3037 3038 3039 3040 3041 3062 3092 3152 3153 3154 3155
	}
}
st_lawrence={
	location=1490
	color={
		193 192 14 
	}
	outgoing={
		name="north_sea"
		path={
			1493 1496 1497 1498 1478 1476 1282 1975 
		}
		control={
			1676.000000 1820.000000 1777.000000 1882.000000 1961.000000 1923.000000 2369.689941 2001.680054 2583.000000 2035.000000 
		}
	}
	outgoing={
		name="bordeaux"
		path={
			1491 1494 1495 1565 1564 1479 1563 
		}
		control={
			1675.000000 1807.000000 1791.000000 1769.000000 2134.000000 1742.000000 2483.000000 1764.000000 
		}
	}
	members={
		1490 959 960 961 964 971 980 981 982 983 984 985 986 989 990 991 992 993 994 995 996 2137 2998 2999 3003 3004 3005 3006 3007 3008 3009 3010 3011 3012 3013 3014 3015 3016 3017 3018 3024 3026 
	}
}
white_sea={
	location=1652
	color={
		210 46 28 
	}
	outgoing={
		name="north_sea"
		path={
			1263 1264 1265 1929 1266 1975 
		}
		control={
			3288.000000 2211.000000 3122.000000 2288.000000 2937.000000 2284.000000 2811.000000 2205.000000 2686.000000 2081.000000 
		}
	}
	members={
		1652 315 1777 1963 2118 1072 1077 1755 1780 1963 1964 4276 4282
1955 4246 4380 4381 #arkhangelsk_area
313 1776 1958 4382 #pomor_area
314 4386 4387 #vologda_area
32 309 4264
	}
}
north_sea={
	location=1975
	color={
		117 165 188 
	}
	outgoing={
		name="english_channel"
		path={
			1270 236 
		}
		control={
			2671.000000 1913.000000 
		}
	}
	outgoing={
		name="lubeck"
		path={
			1266 1267 1259 1258 1925 45 
		}
		control={
			2757.000000 1986.000000 2806.000000 1998.000000 2813.000000 1971.000000 2805.000000 1954.000000 2809.000000 1942.000000 2804.000000 1931.000000 
		}
	}
	members={
		1975 1266 1280 1281 1282 1929  #Seas and Wastelands
248 249 251 #lowlands_area
246 247 4486 4487 #scottish_marches_area
253 4489 4490 #kingdom_of_the_isles_area
250 252 369 4242 4488 #highlands_area
4239 376 4237 #connacht_area
373 374 4238 4504 #leinster_area
372 4240 4241 #ulster_area
375 4502 4503 #munster_area
10 20 21 #northern_norway
1978 1979 #subarctic_islands_area
370 371 #iceland_area
23 24 3088 4292 #western_norway
	}
}
lubeck={
	location=45
	color={
		190 70 70 
	}
	outgoing={
		name="english_channel"
		path={
			1857 44 1268 1269 1744 
		}
		control={
			2790.000000 1913.000000 2753.000000 1922.000000 2711.000000 1910.000000 
		}
	}
	members={
		6 12 13 14 15 16 17 22 26 44 45 3120 3121 3095 53 54 55 1775 1857 1874 1858 1981 1982 1983 1984 7 47 48 46 4287 4288 4290 4291 4289 4293 4294 4295 3237 3233 3234 3258 3259 2017
	}
}
bordeaux={
	location=1276
	color={
		36 132 247 
	}
	outgoing={
		name="champagne"
		path={
			1275 172 178 184 185 
		}
		control={
			2630.000000 1782.000000 2664.000000 1799.000000 2674.000000 1816.000000 
		}
	}
	members={
		1276 #Water 
190 195 199 # massif_central_area
169 170 171 172 4507 #brittany_area
194 198 4245 #guyenne_area
180 4244 4509 4510 #poitou_area
173 209 210 #basque_country
174 175 176 #pyrenees_area
3136
	}
}
champagne={
	location=186
	color={
		193 26 14 
	}
	inland=yes
	outgoing={
		name="genua"
		path={
			187 193 203 204 201 1297 
		}
		control={
			2720.000000 1796.000000 2711.000000 1782.000000 2710.000000 1757.000000 2708.000000 1731.000000 2703.000000 1714.000000 
		}
	}
	outgoing={
		name="english_channel"
		path={
			181 1866 92 1744 1269 
		}
		control={
			2704.000000 1845.000000 2705.000000 1864.000000 2686.000000 1869.000000 
		}
	}
	members={
		182 183 185 4511 #ile_de_france_area
177 178 179 184 4512 #loire_area
181 186 4513 #champagne_area
187 188 189 #lorraine_area
165 1867 1871 #romandie_area
91 93 94 1866 #wallonia_area
3103 #luxemburg_liege_area
191 192 193 1877 4515 #bourgogne_area
2010
	}
}
sevilla={
	location=1293
	color={
		57 160 101 
	}
	outgoing={
		name="genua"
		path={
			223 222 221 1295 1296 1297 
		}
		control={
			2562.000000 1591.000000 2617.000000 1603.000000 2659.000000 1651.000000 
		}
	}
	members={
206 207 208 1746 215 216 231 232 1293 217 218 219 221 222 223 224 225 226 227 228 229 230 334 367 1745 1747 1748 1749 1751 1851 2601 2599 2600 4284 
4689 4690 4691 4694 4695 4696 4697 4698 4699 4701
4704 4706 368 366 4708
	}
}
english_channel={
	location=1269
	color={
		220 138 57 
	}
	members={
		1269 1269 1270 1271 #Seas
167 168 1879 4508 #normandy_area
87 88 89 1743 #picardy_area
241 242 4491 4494 #wales_area
245 4492 4493 #yorkshire_area
239 240 244 4497 4500 #west_midlands_area
243 1860 1861 4495 4501 #east_midlands_area
4498 234 4243 233 4499 #wessex_area
235 236 237 238 4496 #home_counties_area
92 95 98 99 3103 #netherlands & brabant_area
96 97 4506 #holland_area
100 1931 2018 4505 #frisia_area
90 1744 1865 #flanders_area
1742
	}
	end=yes
}
genua={
	location=1297
	color={
		218 215 56 
	}
	members={
		1297 #Sea
196 200 2598 4514 #languedoc_area
124 125 126 3133 #sicily_area
115 116 117 3127 3126 #tuscany_area
123 1934 3132 #calabria_area
101 102 3125 #liguria_area
103 1875 3124 3123 #piedmont_area
127 1247 3134 #corsica_sardinia_area
201 202 3135 #provence_area
203 204 205 #savoy_dauphine_area
197 212 213 3139 #catalonia_area
220 333 1750 3138 #valencia_area
211 214 3137 #aragon_area
4692 4693 4700 4702 4703 # new for 1.28
118 3129 # lazio-umbria
121 3131 # campania
	}
	end=yes
}
venice={
	location=1308
	color={
		54 167 156 
	}
	members={
		104 105 106 107 108 109 111 112 113 114 119 120 122 129 130 1308 1769 1774 1862 1933 3128 3130 3216 3217 3218 3221 3226 3227 3228 3239 3268
	}
	end=yes
}
